1
30
1
30
1
15
30
4
2
2
2
2
1 16
-10
2
18.794
-3.3958	-2.9487
-0.78037
0
1.38629436111989
0
1.38629436111989
0
2.30258509299405
0
1.38629436111989
0
2.30258509299405
-15.761
-17.344
-13.529
2
2.1724e-07
477128.525642967	653734.174874704	839705.848295711	946739.071090881	1030729.78319416	1329588.30204271	1357571.11812142	1447933.36347415	1531435.63690871	1300281.9366177	1345970.46062899	1594497.97678533	1380678.5747405	1377901.90379893	1360470.67831894	1388454.61466922	1455139.5712139	1488428.61867675	1403657.49193456	1338089.26954147	1576557.93380846	1500863.04112361	1539852.58827733	1580483.4685484	1320089.44032205	1358610.24624315	1599733.73116692	1382646.0497919	1373155.8234085	1355301.23320895
793173.445334909	970946.838092358	1365633.84570717	1515424.43607854	1701471.9745179	1817652.85092739	2349387.15690705	2323357.20594599	2468257.40101973	2541380.87964784	2785377.57929307	2667823.55262831	2784861.46763252	2808750.85167245	2931494.92624436	2837254.98576446	2667394.98890015	2994810.05982121	2779796.01564052	2721558.63596888	2635584.69045646	3141689.973118	2938813.25420956	2970491.24417883	2944158.47505292	3139746.86867789	2934091.68304493	3007756.94642058	2980807.78901563	3075444.53956351
296	211	170	129	95	38	27	20	9	5	0	0	0	0	0
212	199	211	156	96	60	31	22	7	4	1	1	0	0	0
150	162	210	205	128	70	37	17	11	7	1	1	0	1	0
123	143	175	206	177	91	44	20	16	5	0	0	0	0	0
127	111	143	169	195	137	65	30	16	6	0	1	0	0	0
103	100	137	164	151	165	103	41	27	8	1	0	0	0	0
101	89	154	159	156	140	97	64	25	8	6	0	1	0	0
89	116	112	150	140	138	114	67	57	10	7	0	0	0	0
93	83	125	149	158	126	107	82	52	20	5	0	0	0	0
93	77	111	141	159	134	123	66	59	27	10	0	0	0	0
87	84	102	159	153	119	114	83	50	29	16	3	1	0	0
92	90	119	150	147	127	97	87	39	36	11	4	1	0	0
107	99	131	127	139	102	118	68	61	27	15	3	1	1	1
100	99	104	137	142	135	107	67	48	26	25	7	2	0	1
115	100	106	128	123	146	97	72	56	30	21	6	0	0	0
105	86	113	132	147	131	100	76	56	33	14	5	1	1	0
98	93	104	142	142	125	108	84	54	31	12	5	1	1	0
91	104	93	136	165	117	100	81	60	36	8	5	2	2	0
93	64	112	145	137	121	118	90	67	25	24	4	0	0	0
83	86	113	151	158	120	106	81	53	30	11	4	1	1	2
89	100	110	124	156	112	122	71	60	34	10	6	3	2	1
105	104	96	120	148	138	101	77	54	39	11	4	2	0	1
107	76	101	152	145	131	120	67	60	25	10	4	1	0	1
83	88	110	146	162	124	115	79	56	25	7	5	0	0	0
97	82	101	145	154	147	107	88	45	18	10	4	1	0	1
104	90	113	137	165	120	95	75	58	24	12	6	0	1	0
86	73	100	162	153	130	107	85	59	27	16	1	1	0	0
102	96	101	150	130	132	94	79	59	33	15	4	5	0	0
88	95	104	157	132	138	106	77	50	30	15	3	4	1	0
93	92	118	142	140	144	91	76	48	35	17	1	1	1	1
250	211	176	144	97	54	32	16	6	7	2	3	1	1	0
212	190	198	145	110	55	36	22	12	9	9	0	0	2	0
168	164	197	190	122	68	42	24	14	5	4	2	0	0	0
105	135	163	195	184	111	55	21	14	7	2	1	4	3	0
110	142	156	183	162	126	59	18	23	7	7	3	3	0	1
105	97	123	153	150	153	112	48	20	15	9	5	7	2	1
103	88	148	149	149	127	111	51	24	22	11	8	7	2	0
110	88	125	135	130	113	91	68	71	32	14	10	5	3	5
73	80	112	118	147	102	112	92	80	41	20	15	6	0	2
95	86	88	110	144	106	95	80	75	44	38	22	7	6	4
81	78	90	122	129	118	107	60	65	47	50	29	11	4	9
81	66	103	114	116	125	94	85	49	57	42	24	19	16	9
78	88	95	134	130	90	85	56	58	48	50	26	28	17	17
81	79	84	120	115	112	91	73	56	55	32	28	21	24	29
69	68	89	130	110	107	91	67	72	39	40	36	24	25	33
84	69	90	111	118	87	85	78	62	53	40	38	19	21	45
74	79	80	105	103	115	94	76	56	55	39	20	26	15	63
81	74	101	101	120	99	85	70	41	54	39	30	20	25	60
73	72	84	113	100	110	87	70	66	47	38	27	20	19	74
75	69	98	113	118	108	84	64	53	49	37	31	20	19	62
66	73	84	98	122	94	86	77	57	48	28	36	25	31	75
68	75	103	102	104	96	95	74	59	48	33	28	19	19	77
77	67	87	113	96	116	82	73	61	37	44	23	25	20	79
73	80	79	109	111	96	83	67	57	54	39	23	24	19	86
77	57	99	117	102	103	71	75	59	59	36	33	28	18	66
70	67	88	111	109	114	83	48	53	51	39	38	31	21	77
71	81	84	117	99	106	75	71	51	42	28	36	34	15	90
91	68	78	90	93	117	75	92	56	43	31	25	29	23	89
75	61	80	110	102	103	86	62	57	44	43	35	25	26	91
75	69	93	121	112	109	82	70	49	45	29	24	30	19	73
0.1	0.1	0.1	0.1	0.1	0.1	0.1	0.1	0.1	0.1	0.1	0.1	0.1	0.1	0.1	0.1	0.1	0.1	0.1	0.1	0.1	0.1	0.1	0.1	0.1	0.1	0.1	0.1	0.1	0.1
0.1	0.1	0.1	0.1	0.1	0.1	0.1	0.1	0.1	0.1	0.1	0.1	0.1	0.1	0.1	0.1	0.1	0.1	0.1	0.1	0.1	0.1	0.1	0.1	0.1	0.1	0.1	0.1	0.1	0.1
2.92137574151523	3.73620264532789	4.59759316832116	5.38708100145469	6.11037810752831	6.62442380824146	7.04993319334556	7.27976032530573	7.45930367516275	7.54288422878188	7.57129118153995	7.59383091797799	7.60337075874259	7.62372344056525	7.6251563010842	7.66484543942816	7.70574325519611	7.71288574865806	7.68728097077504	7.73784791362319	7.74829505569596	7.72094891131553	7.71111357093585	7.66640855644517	7.63323916591375	7.63680008266896	7.61541355647582	7.6176941464902	7.58961492757845	7.59289594947115
2.92137574151523	3.73620264532789	4.59759316832116	5.38708100145469	6.11037810752831	6.62442380824146	7.04993319334556	7.27976032530573	7.45930367516275	7.54288422878188	7.57129118153995	7.59383091797799	7.60337075874259	7.62372344056525	7.6251563010842	7.66484543942816	7.70574325519611	7.71288574865806	7.68728097077504	7.73784791362319	7.74829505569596	7.72094891131553	7.71111357093585	7.66640855644517	7.63323916591375	7.63680008266896	7.61541355647582	7.6176941464902	7.58961492757845	7.59289594947115
2.92137574151523	3.73620264532789	4.59759316832116	5.38708100145469	6.11037810752831	6.62442380824146	7.04993319334556	7.27976032530573	7.45930367516275	7.54288422878188	7.57129118153995	7.59383091797799	7.60337075874259	7.62372344056525	7.6251563010842	7.66484543942816	7.70574325519611	7.71288574865806	7.68728097077504	7.73784791362319	7.74829505569596	7.72094891131553	7.71111357093585	7.66640855644517	7.63323916591375	7.63680008266896	7.61541355647582	7.6176941464902	7.58961492757845	7.59289594947115
2.92137574151523	3.73620264532789	4.59759316832116	5.38708100145469	6.11037810752831	6.62442380824146	7.04993319334556	7.27976032530573	7.45930367516275	7.54288422878188	7.57129118153995	7.59383091797799	7.60337075874259	7.62372344056525	7.6251563010842	7.66484543942816	7.70574325519611	7.71288574865806	7.68728097077504	7.73784791362319	7.74829505569596	7.72094891131553	7.71111357093585	7.66640855644517	7.63323916591375	7.63680008266896	7.61541355647582	7.6176941464902	7.58961492757845	7.59289594947115
0.347	0.198	0.15	0.125	0.078	0.041	0.03	0.016	0.008	0.003	0.004	0	0	0	0
0.27	0.202	0.213	0.115	0.092	0.056	0.031	0.008	0.008	0.004	0.001	0	0	0	0
0.193	0.156	0.204	0.182	0.129	0.075	0.036	0.012	0.008	0.004	0	0.001	0	0	0
0.173	0.163	0.14	0.206	0.14	0.108	0.04	0.017	0.01	0.001	0.002	0	0	0	0
0.138	0.126	0.152	0.156	0.182	0.125	0.06	0.031	0.022	0.007	0.001	0	0	0	0
0.166	0.128	0.121	0.152	0.144	0.124	0.091	0.042	0.018	0.011	0.001	0.002	0	0	0
0.146	0.113	0.131	0.156	0.136	0.123	0.104	0.066	0.018	0.004	0.002	0.001	0	0	0
0.131	0.113	0.117	0.154	0.135	0.131	0.09	0.076	0.039	0.01	0.004	0	0	0	0
0.154	0.11	0.124	0.133	0.139	0.097	0.085	0.068	0.049	0.028	0.007	0.006	0	0	0
0.14	0.107	0.13	0.124	0.144	0.127	0.084	0.076	0.04	0.022	0.005	0.001	0	0	0
0.135	0.105	0.139	0.129	0.138	0.123	0.089	0.063	0.037	0.028	0.009	0.004	0.001	0	0
0.148	0.097	0.132	0.128	0.149	0.097	0.089	0.065	0.041	0.042	0.008	0.004	0	0	0
0.119	0.086	0.117	0.142	0.123	0.127	0.11	0.074	0.061	0.028	0.009	0.004	0	0	0
0.138	0.116	0.118	0.134	0.102	0.12	0.1	0.084	0.045	0.031	0.01	0.001	0	0.001	0
0.128	0.097	0.125	0.132	0.139	0.12	0.106	0.056	0.042	0.035	0.01	0.006	0.002	0.001	0.001
0.119	0.101	0.114	0.142	0.146	0.111	0.101	0.08	0.045	0.023	0.012	0.003	0.003	0	0
0.152	0.097	0.113	0.133	0.133	0.111	0.089	0.07	0.056	0.023	0.017	0.001	0.004	0.001	0
0.116	0.12	0.122	0.127	0.124	0.133	0.08	0.081	0.044	0.032	0.013	0.007	0	0.001	0
0.118	0.11	0.108	0.136	0.148	0.137	0.083	0.079	0.043	0.023	0.008	0.007	0	0	0
0.125	0.098	0.125	0.147	0.148	0.095	0.106	0.08	0.032	0.018	0.016	0.006	0.004	0	0
0.147	0.089	0.105	0.137	0.133	0.13	0.087	0.068	0.052	0.029	0.016	0.003	0.001	0.001	0.002
0.143	0.102	0.119	0.117	0.131	0.144	0.084	0.063	0.054	0.027	0.011	0.003	0.001	0.001	0
0.144	0.098	0.127	0.145	0.129	0.107	0.094	0.065	0.051	0.028	0.006	0.004	0.001	0	0.001
0.124	0.103	0.105	0.132	0.132	0.125	0.104	0.069	0.062	0.027	0.01	0.006	0.001	0	0
0.119	0.096	0.127	0.132	0.141	0.121	0.082	0.083	0.055	0.027	0.013	0.003	0	0.001	0
0.162	0.079	0.108	0.14	0.136	0.116	0.106	0.062	0.042	0.031	0.013	0.002	0.001	0	0.002
0.137	0.094	0.111	0.143	0.139	0.115	0.089	0.08	0.046	0.022	0.013	0.004	0.004	0.003	0
0.141	0.1	0.109	0.124	0.128	0.125	0.119	0.071	0.045	0.022	0.009	0.002	0	0.002	0.003
0.133	0.117	0.112	0.122	0.132	0.127	0.092	0.081	0.041	0.029	0.007	0.003	0.001	0.001	0.002
0.134	0.107	0.122	0.143	0.133	0.11	0.091	0.081	0.045	0.02	0.009	0.002	0.002	0	0.001
0.351	0.23	0.152	0.113	0.082	0.037	0.017	0.011	0.006	0.001	0	0	0	0	0
0.257	0.206	0.192	0.132	0.103	0.059	0.025	0.016	0.008	0.002	0	0	0	0	0
0.206	0.161	0.224	0.179	0.12	0.059	0.032	0.012	0.003	0.004	0	0	0	0	0
0.16	0.141	0.163	0.216	0.157	0.096	0.04	0.02	0.004	0.003	0	0	0	0	0
0.18	0.143	0.133	0.178	0.164	0.103	0.052	0.03	0.01	0.005	0.001	0.001	0	0	0
0.133	0.125	0.15	0.132	0.145	0.163	0.079	0.042	0.021	0.006	0.003	0.001	0	0	0
0.155	0.102	0.125	0.159	0.12	0.118	0.115	0.057	0.031	0.014	0.002	0.002	0	0	0
0.135	0.12	0.111	0.143	0.139	0.117	0.096	0.073	0.045	0.015	0.003	0.003	0	0	0
0.138	0.085	0.132	0.123	0.147	0.112	0.107	0.073	0.057	0.025	0.001	0	0	0	0
0.137	0.088	0.14	0.137	0.132	0.11	0.088	0.082	0.049	0.027	0.007	0.003	0	0	0
0.136	0.102	0.112	0.136	0.158	0.101	0.092	0.079	0.034	0.029	0.017	0.004	0	0	0
0.127	0.1	0.1	0.14	0.135	0.121	0.098	0.084	0.044	0.026	0.018	0.005	0.002	0	0
0.123	0.101	0.117	0.136	0.141	0.116	0.093	0.075	0.046	0.036	0.009	0.005	0.002	0	0
0.135	0.102	0.106	0.125	0.137	0.116	0.103	0.071	0.052	0.031	0.015	0.007	0	0	0
0.125	0.102	0.119	0.147	0.136	0.128	0.1	0.063	0.043	0.027	0.005	0.003	0.002	0	0
0.133	0.109	0.122	0.138	0.132	0.093	0.094	0.074	0.054	0.034	0.01	0.003	0.002	0.001	0.001
0.125	0.109	0.131	0.119	0.146	0.122	0.096	0.067	0.044	0.02	0.015	0.003	0.002	0.001	0
0.152	0.091	0.104	0.133	0.135	0.119	0.103	0.073	0.037	0.032	0.013	0.003	0.002	0.002	0.001
0.135	0.104	0.106	0.138	0.137	0.107	0.093	0.072	0.067	0.015	0.017	0.005	0.001	0.002	0.001
0.145	0.107	0.093	0.164	0.114	0.122	0.096	0.065	0.046	0.03	0.01	0.008	0	0	0
0.115	0.11	0.101	0.139	0.14	0.12	0.108	0.085	0.044	0.026	0.008	0.001	0.003	0	0
0.118	0.1	0.115	0.129	0.123	0.112	0.112	0.083	0.059	0.03	0.014	0.004	0.001	0	0
0.12	0.092	0.122	0.147	0.125	0.123	0.116	0.07	0.047	0.025	0.01	0.003	0	0	0
0.123	0.094	0.138	0.119	0.14	0.112	0.109	0.068	0.053	0.023	0.015	0.003	0.001	0.001	0.001
0.102	0.1	0.14	0.145	0.137	0.124	0.097	0.068	0.044	0.026	0.012	0.002	0	0.001	0.002
0.13	0.105	0.115	0.135	0.135	0.134	0.084	0.078	0.042	0.03	0.006	0.002	0.002	0	0.002
0.136	0.108	0.098	0.122	0.121	0.133	0.105	0.082	0.048	0.031	0.008	0.004	0.002	0	0.002
0.117	0.115	0.116	0.128	0.128	0.119	0.109	0.065	0.057	0.024	0.014	0.006	0.002	0	0
0.117	0.094	0.135	0.129	0.147	0.12	0.089	0.076	0.048	0.033	0.007	0.003	0.001	0.001	0
0.134	0.104	0.12	0.12	0.133	0.12	0.105	0.064	0.054	0.03	0.011	0.003	0	0	0.002
0.349	0.205	0.161	0.124	0.067	0.053	0.022	0.011	0.004	0.003	0.001	0	0	0	0
0.255	0.224	0.191	0.109	0.107	0.067	0.024	0.015	0.007	0	0.001	0	0	0	0
0.2	0.166	0.199	0.183	0.122	0.065	0.028	0.02	0.011	0.004	0.002	0	0	0	0
0.181	0.139	0.144	0.194	0.177	0.082	0.043	0.015	0.015	0.009	0.001	0	0	0	0
0.161	0.138	0.153	0.158	0.164	0.102	0.063	0.037	0.013	0.008	0.003	0	0	0	0
0.147	0.118	0.147	0.148	0.139	0.143	0.09	0.042	0.017	0.009	0	0	0	0	0
0.143	0.113	0.118	0.166	0.158	0.108	0.097	0.063	0.027	0.006	0	0.001	0	0	0
0.136	0.094	0.12	0.143	0.137	0.133	0.094	0.078	0.042	0.015	0.008	0	0	0	0
0.142	0.098	0.117	0.14	0.141	0.126	0.1	0.066	0.04	0.024	0.004	0.002	0	0	0
0.129	0.102	0.115	0.117	0.129	0.144	0.081	0.091	0.047	0.028	0.011	0.004	0.001	0.001	0
0.145	0.082	0.132	0.122	0.156	0.104	0.101	0.068	0.048	0.028	0.011	0.003	0	0	0
0.122	0.098	0.103	0.157	0.138	0.114	0.086	0.085	0.053	0.026	0.012	0.003	0.003	0	0
0.134	0.101	0.117	0.127	0.151	0.12	0.091	0.061	0.049	0.026	0.013	0.006	0.003	0	0.001
0.122	0.1	0.11	0.144	0.143	0.118	0.077	0.084	0.057	0.026	0.011	0.006	0.001	0.001	0
0.136	0.116	0.116	0.109	0.147	0.124	0.087	0.06	0.064	0.024	0.012	0.004	0.001	0	0
0.14	0.109	0.111	0.121	0.149	0.123	0.09	0.06	0.045	0.029	0.018	0.004	0	0	0.001
0.137	0.108	0.126	0.119	0.146	0.111	0.09	0.064	0.05	0.027	0.015	0.007	0	0	0
0.141	0.1	0.102	0.137	0.148	0.123	0.101	0.066	0.042	0.024	0.012	0.002	0.002	0	0
0.129	0.104	0.125	0.147	0.115	0.126	0.1	0.074	0.049	0.022	0.006	0.002	0.001	0	0
0.11	0.104	0.133	0.139	0.134	0.13	0.101	0.064	0.039	0.03	0.008	0.008	0	0	0
0.137	0.106	0.125	0.126	0.144	0.115	0.093	0.068	0.045	0.02	0.013	0.006	0.001	0	0.001
0.126	0.094	0.122	0.135	0.145	0.121	0.095	0.068	0.054	0.023	0.013	0.004	0	0	0
0.139	0.091	0.113	0.145	0.16	0.099	0.096	0.063	0.053	0.019	0.015	0.003	0.003	0.001	0
0.117	0.102	0.107	0.135	0.168	0.129	0.1	0.061	0.042	0.024	0.01	0.005	0	0	0
0.114	0.097	0.119	0.137	0.164	0.118	0.094	0.066	0.046	0.03	0.008	0.003	0.003	0	0.001
0.147	0.104	0.101	0.135	0.141	0.109	0.103	0.065	0.049	0.024	0.017	0.004	0.001	0	0
0.134	0.101	0.108	0.132	0.157	0.097	0.105	0.074	0.049	0.027	0.01	0.005	0	0	0.001
0.127	0.095	0.117	0.133	0.13	0.13	0.092	0.07	0.053	0.036	0.011	0.005	0.001	0	0
0.116	0.11	0.107	0.142	0.125	0.135	0.105	0.061	0.052	0.031	0.01	0.004	0.002	0	0
0.116	0.105	0.124	0.138	0.145	0.117	0.092	0.079	0.043	0.035	0.004	0.001	0	0	0.001
0.361	0.212	0.172	0.084	0.09	0.033	0.027	0.013	0.005	0.003	0	0	0	0	0
0.27	0.215	0.198	0.132	0.091	0.047	0.023	0.012	0.008	0.004	0	0	0	0	0
0.225	0.161	0.2	0.184	0.104	0.067	0.034	0.009	0.011	0.004	0	0.001	0	0	0
0.173	0.158	0.163	0.192	0.157	0.083	0.035	0.027	0.008	0.004	0	0	0	0	0
0.153	0.121	0.136	0.165	0.2	0.117	0.058	0.032	0.014	0.003	0.001	0	0	0	0
0.165	0.127	0.136	0.146	0.142	0.128	0.087	0.039	0.016	0.009	0.003	0.002	0	0	0
0.153	0.106	0.119	0.153	0.135	0.132	0.1	0.065	0.028	0.008	0	0.001	0	0	0
0.131	0.104	0.116	0.145	0.135	0.144	0.089	0.076	0.041	0.015	0.003	0.001	0	0	0
0.13	0.087	0.129	0.151	0.143	0.126	0.102	0.066	0.032	0.027	0.007	0	0	0	0
0.132	0.108	0.113	0.14	0.14	0.121	0.102	0.058	0.043	0.029	0.01	0.003	0.001	0	0
0.114	0.107	0.128	0.115	0.152	0.128	0.099	0.08	0.05	0.014	0.01	0.002	0.001	0	0
0.109	0.116	0.107	0.15	0.132	0.115	0.109	0.082	0.043	0.017	0.016	0.003	0.001	0	0
0.122	0.084	0.117	0.138	0.146	0.119	0.101	0.08	0.055	0.022	0.012	0.002	0.002	0	0
0.129	0.089	0.11	0.14	0.138	0.132	0.088	0.079	0.054	0.026	0.01	0.004	0.001	0	0
0.135	0.109	0.111	0.141	0.115	0.117	0.102	0.081	0.051	0.021	0.012	0.002	0.002	0.001	0
0.142	0.094	0.125	0.131	0.139	0.12	0.087	0.071	0.047	0.029	0.008	0.005	0	0.002	0
0.135	0.103	0.12	0.13	0.144	0.113	0.102	0.063	0.054	0.019	0.014	0.001	0.001	0	0.001
0.127	0.109	0.115	0.141	0.134	0.122	0.08	0.072	0.051	0.024	0.019	0.002	0.003	0.001	0
0.138	0.115	0.117	0.122	0.13	0.115	0.105	0.058	0.048	0.021	0.024	0.004	0.002	0	0.001
0.135	0.102	0.121	0.142	0.144	0.114	0.076	0.071	0.046	0.028	0.014	0.007	0	0	0
0.132	0.105	0.11	0.138	0.143	0.119	0.091	0.072	0.049	0.032	0.004	0.004	0.001	0	0
0.13	0.1	0.114	0.135	0.133	0.116	0.094	0.092	0.046	0.032	0.004	0.003	0	0	0.001
0.13	0.093	0.114	0.131	0.156	0.119	0.083	0.084	0.046	0.03	0.012	0.002	0	0	0
0.133	0.112	0.111	0.131	0.136	0.119	0.108	0.068	0.047	0.027	0.006	0.001	0	0	0.001
0.126	0.099	0.129	0.145	0.14	0.116	0.073	0.078	0.051	0.028	0.01	0.004	0.001	0	0
0.114	0.108	0.105	0.16	0.125	0.11	0.097	0.078	0.051	0.027	0.013	0.008	0.002	0.002	0
0.135	0.099	0.127	0.139	0.133	0.111	0.079	0.085	0.043	0.029	0.011	0.006	0.001	0.001	0.001
0.123	0.1	0.11	0.117	0.154	0.111	0.101	0.077	0.056	0.027	0.016	0.007	0	0	0.001
0.13	0.111	0.114	0.132	0.142	0.125	0.1	0.056	0.042	0.031	0.011	0.004	0.001	0.001	0
0.124	0.104	0.123	0.15	0.123	0.128	0.096	0.074	0.041	0.028	0.006	0.001	0.002	0	0
0.1	0.1	0.1	0.1	0.1	0.1	0.1	0.1	0.1	0.1	0.1	0.1	0.1	0.1	0.1	0.1	0.1	0.1	0.1	0.1	0.1	0.1	0.1	0.1	0.1	0.1	0.1	0.1	0.1	0.1
0.1	0.1	0.1	0.1	0.1	0.1	0.1	0.1	0.1	0.1	0.1	0.1	0.1	0.1	0.1	0.1	0.1	0.1	0.1	0.1	0.1	0.1	0.1	0.1	0.1	0.1	0.1	0.1	0.1	0.1
0.1	0.1	0.1	0.1	0.1	0.1	0.1	0.1	0.1	0.1	0.1	0.1	0.1	0.1	0.1	0.1	0.1	0.1	0.1	0.1	0.1	0.1	0.1	0.1	0.1	0.1	0.1	0.1	0.1	0.1
0.1	0.1	0.1	0.1	0.1	0.1	0.1	0.1	0.1	0.1	0.1	0.1	0.1	0.1	0.1	0.1	0.1	0.1	0.1	0.1	0.1	0.1	0.1	0.1	0.1	0.1	0.1	0.1	0.1	0.1
4.44382893648574	4.24659005745131	4.44316687742993	3.83070640047558	4.18945816837843	4.14091992498976	4.32901038544813	4.09360086867146	4.03192028334466	4.84645194155927	4.0674341903497	4.55242509040602	4.44435378728496	4.61433537128541	4.08555527792833	4.52854744740257	4.58097294480458	4.50862045800121	3.82286278837051	4.24461690909745	4.37001016426334	4.20944544046874	4.25309402518834	3.84035946012843	4.6957077373605	4.17441723979167	4.55786395076533	4.51802882133229	4.43887190847057	4.05777274080719
4.16684299863712	4.40006157735947	4.28935285058124	4.38278465549052	4.29062787019272	4.43067001730786	4.41822717312114	4.02530712530432	4.55933632317197	4.41420678580811	4.08975116665632	4.19546531755379	4.38736385607423	4.00585483137822	4.31978156703103	4.24628096511022	4.74652904298827	4.3525405520899	4.3738106284616	4.34711861928291	4.6757902497185	4.29619810831769	4.18213944969579	4.34271740265552	4.27690714947222	4.19732120486513	4.20047771194829	4.46009415544847	3.85352928421033	4.29040624750235
0.1	0.1	0.1	0.1	0.1	0.1	0.1	0.1	0.1	0.1	0.1	0.1	0.1	0.1	0.1	0.1	0.1	0.1	0.1	0.1	0.1	0.1	0.1	0.1	0.1	0.1	0.1	0.1	0.1	0.1
0.1	0.1	0.1	0.1	0.1	0.1	0.1	0.1	0.1	0.1	0.1	0.1	0.1	0.1	0.1	0.1	0.1	0.1	0.1	0.1	0.1	0.1	0.1	0.1	0.1	0.1	0.1	0.1	0.1	0.1
178.332789454378	185.237689568149	184.029325252124	183.395516796265	197.826041103883	193.811246822584	187.407824746475	194.631035819146	208.525022864183	196.238069519073	191.394041375318	205.973565955993	199.404019720963	170.302586474976	200.541862696515	192.374981481574	187.966479724687	183.652513642898	185.810116812169	208.770472754816	188.458284136095	194.709529647295	185.38390819141	202.039053539358	201.399590544678	191.622703120206	209.38803523791	191.821536658035	169.144497155727	-100.711300027443
183.812101267187	189.439271053267	180.303237438809	189.354678773675	191.053811933112	196.92034252259	191.070871739307	205.0734426257	183.985336106067	204.090548201582	193.687000779345	202.112520058295	213.637860796406	180.185812631835	199.618402934072	198.285742546582	192.22995592586	179.934055228556	191.847737591935	201.623580072252	191.481508280432	198.515294737493	195.330185138332	178.262650023549	209.458607815354	193.918401962172	205.462983929846	205.514125561	178.960515533252	-100.247542326442
0.1	0.1	0.1	0.1	0.1	0.1	0.1	0.1	0.1	0.1	0.1	0.1	0.1	0.1	0.1	0.1	0.1	0.1	0.1	0.1	0.1	0.1	0.1	0.1	0.1	0.1	0.1	0.1	0.1	0.1
0.1	0.1	0.1	0.1	0.1	0.1	0.1	0.1	0.1	0.1	0.1	0.1	0.1	0.1	0.1	0.1	0.1	0.1	0.1	0.1	0.1	0.1	0.1	0.1	0.1	0.1	0.1	0.1	0.1	0.1
0.31	0.91	1.1	1.98	3.12	4.02	4.38	4.7	5.24	5.62	8.58	10.4	10.55	11.8	13.07
0.16	0.83	1.22	2.23	3.06	4.53	5.37	6.23	6.04	8.68	8.94	9.74	11.17	12.31	13.46
0.08	0.89	1.14	2.05	2.35	3.83	4.91	5.96	5.7	5.97	7.44	9.08	9.58	10.54	11.51
0.21	0.92	1.29	2.17	2.62	3.17	4.81	5.64	6.46	6.24	9.46	8.3	10.12	11.17	12.23
0.1	0.69	1.31	1.93	2.81	3.67	4.9	5.79	6.96	8.15	9.77	12.44	13.49	15.33	17.23
0.07	0.76	1.31	1.99	2.77	3.58	4.8	6.11	7.03	8.01	9.53	10.76	12.22	13.7	15.2
0.24	1.05	1.69	2.21	2.85	3.5	4.94	6.2	6.8	7.53	9.73	10.69	11.92	13.29	14.69
0.28	0.7	1.35	2.18	2.77	3.65	5.38	6.16	7.27	8.86	7.57	9.73	10.96	12.08	13.2
0.14	1.05	1.47	2.32	3.23	4.52	6.39	7.11	7.81	9.2	9.31	10.1	11.88	13.03	14.17
0.13	0.62	1.18	2.46	2.81	3.64	4.51	5.07	6.73	9.17	9.94	10.24	12.29	13.8	15.35
0.39	0.77	1.2	1.62	2.25	2.95	4.69	5.66	6.82	7.03	7.76	9.87	10.82	12.1	13.41
0.62	0.9	1.11	1.44	1.91	2.51	3.36	5.03	6.56	7.85	8.69	9.76	11.67	13.33	15.04
0.37	0.55	1.1	1.45	1.96	2.79	3.89	5.09	7.11	7.37	9.7	10.7	12.68	14.56	16.51
0.16	0.38	1.12	1.75	2.21	3.25	4.12	5.02	6.36	7.79	8.65	8.29	10.42	11.64	12.87
0.12	0.31	1.06	1.51	2.18	3.17	4.19	5.48	6.03	7.56	9.09	9.75	11.53	13.05	14.62
0.1	0.6	1	1.4	2.2	3.2	4.1	5.2	6.1	7.2	8.5	9.4	10.94	12.33	13.76
0.23	0.33	0.84	1.4	2.43	3.11	4.14	5.17	6.07	7.12	8.18	9.03	10.55	11.85	13.18
0.13	0.5	1.14	1.64	2.22	3.23	4.18	5.64	6.38	7.21	8.51	10	11.3	12.74	14.21
0.18	0.38	0.81	1.35	1.96	2.8	3.84	5.35	6.7	7.41	8.58	9.4	11.29	12.81	14.37
0.1	0.46	0.94	1.3	2.1	3.07	4.31	5.32	6.89	7.84	9.39	10.12	12.16	13.82	15.54
0.21	0.45	1.04	1.43	2.14	3.47	5.05	5.51	6.69	8.26	9.19	9.82	11.77	13.24	14.74
0.26	0.62	1.03	1.41	1.92	3.29	4.49	5.74	6.87	7.73	8.81	9.47	11.35	12.76	14.2
0.16	0.7	1.11	1.41	1.99	3.34	4.27	5.21	6.27	7.65	8.97	9.15	11.09	12.49	13.91
0.2	0.52	1.04	1.55	2	3.08	4.1	5.13	6.41	7.54	8.2	9.98	11.34	12.85	14.4
0.08	0.48	1.01	1.67	2.3	3.25	4.44	5.88	6.57	8.31	9.05	10.41	12.12	13.69	15.31
0.19	0.49	0.96	1.39	2.27	3.38	4.14	5.3	6.69	7.55	9.26	10.44	12.12	13.78	15.49
0.49	0.55	0.89	1.27	2.15	3.07	4.28	5.3	6.99	8.43	9.17	11.91	13.5	15.55	17.69
0.15	0.29	0.92	1.59	2.5	3.75	4.56	5.69	6.97	7.69	8.95	10.54	11.96	13.48	15.03
0.17	0.43	0.78	1.25	2.17	3.4	4.75	6.05	7.06	8.92	10.03	11.23	13.42	15.31	17.26
0.21	0.48	1.06	1.59	2.49	3.28	4.46	5.31	6.38	8.57	9.78	10.81	13.06	14.85	16.07
0.24 	0.62 	1.01 	1.82 	2.83 	3.57 	3.95	4.40	5.11	5.59	8.00 	9.67 	10.35 	11.43 	13.07 
0.10 	0.65 	1.13 	1.87 	2.74 	4.13 	5.00	5.70	5.67	7.65	7.96 	9.44 	10.97 	11.85 	13.46 
0.04 	0.58 	1.05 	1.80 	2.32 	3.62 	4.81	5.81	5.83	5.99	7.73 	9.04 	9.62 	10.70 	11.51 
0.16 	0.50 	1.18 	1.85 	2.46 	2.94 	4.54	5.45	6.33	6.10	8.43 	8.08 	9.85 	10.75 	12.23 
0.06 	0.51 	1.20 	1.75 	2.63 	3.37 	4.39	5.53	6.60	7.69	8.73 	11.62 	11.95 	13.82 	17.23 
0.04 	0.46 	1.12 	1.79 	2.53 	3.37 	4.49	5.78	6.70	7.73	9.16 	10.50 	12.27 	13.65 	15.20 
0.18 	0.53 	1.38 	1.94 	2.61 	3.30 	4.56	5.82	6.62	7.40	9.27 	10.39 	11.62 	13.02 	14.69 
0.20 	0.54 	1.27 	2.05 	2.62 	3.43 	4.83	5.83	6.99	8.29	7.56 	9.73 	10.89 	12.04 	13.20 
0.10 	0.75 	1.22 	2.03 	2.93 	4.00 	5.56	6.63	7.36	8.67	9.20 	9.40 	11.30 	12.48 	14.17 
0.08 	0.43 	1.15 	2.16 	2.68 	3.53 	4.51	5.37	6.82	8.81	9.75 	10.00 	11.70 	13.30 	15.35 
0.32 	0.49 	1.02 	1.50 	2.30 	2.91 	4.40	5.35	6.33	6.95	8.09 	9.89 	10.67 	12.15 	13.41 
0.64 	0.73 	1.01 	1.38 	1.83 	2.44 	3.25	4.94	6.32	7.58	8.24 	9.22 	11.19 	12.65 	15.04 
0.37 	0.57 	1.05 	1.36 	1.81 	2.54 	3.49	4.59	6.52	7.16	9.20 	10.16 	11.88 	13.77 	16.51 
0.14 	0.38 	0.94 	1.56 	1.99 	2.86 	3.74	4.71	6.02	7.61	8.31 	8.62 	10.49 	11.89 	12.87 
0.08 	0.26 	0.82 	1.40 	2.06 	2.90 	3.93	5.10	5.76	7.24	8.75 	9.46 	10.62 	12.34 	14.62 
0.07 	0.40 	0.75 	1.31 	2.00 	2.91 	3.84	4.93	5.94	6.89	8.25 	9.32 	10.63 	12.13 	13.76 
0.19 	0.24 	0.77 	1.29 	2.12 	2.85 	3.88	4.88	5.84	6.85	7.92 	8.89 	10.25 	11.62 	13.18 
0.10 	0.41 	0.84 	1.39 	1.98 	3.01 	3.88	5.22	6.05	6.91	8.14 	9.51 	10.68 	12.15 	14.21 
0.14 	0.29 	0.72 	1.29 	1.87 	2.64 	3.68	5.03	6.42	7.14	8.21 	9.17 	10.96 	12.42 	14.37 
0.07 	0.36 	0.75 	1.15 	1.88 	2.74 	3.87	4.90	6.47	7.54	8.85 	9.71 	11.40 	13.14 	15.54 
0.16 	0.31 	0.85 	1.29 	1.89 	3.06 	4.46	5.18	6.32	7.89	8.83 	9.71 	11.34 	12.96 	14.74 
0.20 	0.47 	0.84 	1.31 	1.78 	2.95 	4.21	5.56	6.50	7.46	8.67 	9.40 	10.95 	12.51 	14.20 
0.12 	0.55 	0.96 	1.30 	1.83 	2.91 	4.00	5.02	6.13	7.45	8.64 	9.06 	10.66 	12.19 	13.91 
0.16 	0.39 	0.94 	1.43 	1.83 	2.76 	3.90	4.90	6.09	7.20	8.06 	9.72 	10.75 	12.39 	14.40 
0.05 	0.39 	0.86 	1.48 	2.08 	2.88 	4.05	5.37	6.18	7.79	8.65 	9.81 	11.54 	13.06 	15.31 
0.15 	0.31 	0.81 	1.28 	2.10 	3.07 	3.90	5.07	6.48	7.29	9.01 	10.07 	11.67 	13.34 	15.49 
0.56 	0.42 	0.77 	1.18 	1.93 	2.85 	4.03	4.98	6.52	7.96	8.74 	11.18 	12.66 	14.61 	17.69 
0.12 	0.33 	0.81 	1.38 	2.11 	3.26 	4.13	5.30	6.51	7.51	8.82 	10.18 	11.95 	13.48 	15.03 
0.13 	0.33 	0.61 	1.16 	2.01 	3.15 	4.48	5.64	6.69	8.39	9.39 	10.61 	12.64 	14.39 	17.26 
0.18 	0.37 	0.85 	1.33 	2.10 	2.96 	4.17	5.16	6.29	8.16	9.56 	10.61 	12.58 	14.48 	16.07 
0.19 	0.43 	0.92 	1.67 	2.57 	3.17 	3.57 	4.12	4.98	5.57 	7.46 	8.99 	10.16 	11.07 	13.07 
0.07 	0.51 	1.05 	1.57 	2.46 	3.76 	4.65 	5.22	5.33	6.74 	7.09 	9.14 	10.78 	11.40 	13.46 
0.02 	0.38 	0.97 	1.58 	2.29 	3.42 	4.72 	5.66	5.96	6.00 	8.04 	9.01 	9.66 	10.85 	11.51 
0.12 	0.27 	1.07 	1.57 	2.32 	2.73 	4.29 	5.26	6.20	5.96 	7.52 	7.86 	9.58 	10.34 	12.23 
0.04 	0.38 	1.10 	1.58 	2.47 	3.10 	3.94 	5.28	6.27	7.26 	7.81 	10.85 	10.58 	12.45 	17.23 
0.02 	0.28 	0.95 	1.61 	2.31 	3.17 	4.20 	5.47	6.38	7.47 	8.81 	10.25 	12.33 	13.60 	15.20 
0.14 	0.27 	1.13 	1.70 	2.38 	3.11 	4.21 	5.46	6.45	7.28 	8.83 	10.09 	11.32 	12.74 	14.69 
0.14 	0.41 	1.19 	1.92 	2.47 	3.23 	4.34 	5.52	6.71	7.76 	7.55 	9.73 	10.82 	12.00 	13.20 
0.07 	0.54 	1.01 	1.77 	2.65 	3.54 	4.83 	6.18	6.94	8.18 	9.08 	8.74 	10.75 	11.95 	14.17 
0.05 	0.29 	1.11 	1.90 	2.55 	3.43 	4.52 	5.69	6.92	8.46 	9.56 	9.76 	11.14 	12.81 	15.35 
0.26 	0.32 	0.86 	1.38 	2.35 	2.88 	4.13 	5.05	5.88	6.88 	8.44 	9.90 	10.53 	12.20 	13.41 
0.66 	0.59 	0.92 	1.31 	1.76 	2.38 	3.15 	4.86	6.09	7.32 	7.82 	8.70 	10.73 	12.01 	15.04 
0.37 	0.58 	0.99 	1.27 	1.68 	2.31 	3.12 	4.14	5.98	6.95 	8.73 	9.64 	11.12 	13.03 	16.51 
0.11 	0.37 	0.78 	1.39 	1.79 	2.52 	3.39 	4.42	5.69	7.44 	7.98 	8.97 	10.56 	12.15 	12.87 
0.05 	0.22 	0.63 	1.30 	1.95 	2.65 	3.69 	4.75	5.50	6.93 	8.41 	9.18 	9.78 	11.66 	14.62 
0.06 	0.27 	0.56 	1.22 	1.82 	2.64 	3.61 	4.67	5.78	6.59 	8.02 	9.24 	10.33 	11.92 	13.76 
0.16 	0.18 	0.71 	1.18 	1.84 	2.62 	3.64 	4.60	5.62	6.59 	7.67 	8.76 	9.96 	11.39 	13.18 
0.08 	0.34 	0.61 	1.17 	1.76 	2.80 	3.61 	4.83	5.74	6.62 	7.78 	9.04 	10.10 	11.59 	14.21 
0.11 	0.22 	0.64 	1.24 	1.79 	2.49 	3.52 	4.73	6.15	6.88 	7.87 	8.94 	10.63 	12.03 	14.37 
0.05 	0.29 	0.60 	1.03 	1.68 	2.45 	3.47 	4.52	6.07	7.25 	8.34 	9.32 	10.69 	12.50 	15.54 
0.12 	0.21 	0.69 	1.16 	1.67 	2.70 	3.94 	4.87	5.97	7.54 	8.49 	9.60 	10.92 	12.69 	14.74 
0.16 	0.36 	0.68 	1.21 	1.66 	2.65 	3.95 	5.38	6.15	7.19 	8.53 	9.33 	10.56 	12.26 	14.20 
0.09 	0.43 	0.83 	1.21 	1.68 	2.53 	3.75 	4.84	6.00	7.25 	8.33 	8.98 	10.25 	11.90 	13.91 
0.13 	0.29 	0.85 	1.31 	1.68 	2.48 	3.70 	4.68	5.78	6.88 	7.92 	9.46 	10.19 	11.94 	14.40 
0.03 	0.31 	0.72 	1.32 	1.89 	2.55 	3.70 	4.91	5.81	7.30 	8.26 	9.24 	11.00 	12.46 	15.31 
0.11 	0.20 	0.68 	1.18 	1.95 	2.79 	3.67 	4.85	6.27	7.04 	8.77 	9.72 	11.23 	12.92 	15.49 
0.64 	0.32 	0.66 	1.10 	1.73 	2.64 	3.80 	4.68	6.09	7.51 	8.32 	10.50 	11.87 	13.73 	17.69 
0.09 	0.38 	0.71 	1.19 	1.78 	2.84 	3.74 	4.93	6.08	7.33 	8.69 	9.83 	11.94 	13.49 	15.03 
0.10 	0.25 	0.48 	1.07 	1.86 	2.92 	4.22 	5.25	6.34	7.88 	8.78 	10.03 	11.90 	13.53 	17.26 
0.16 	0.28 	0.68 	1.11 	1.77 	2.67 	3.89 	5.02	6.21	7.78 	9.34 	10.41 	12.11 	14.12 	16.07 
0.00
0.00
0.00
0.09
0.32
0.45
0.84
0.89
1.00
1.00
1.00
1.00
1.00
1.00
1.00
1.13     0.68   0.45    0.33    0.25    0.19    0.15    0.15    0.15    0.15    0.15    0.15    0.15    0.15    0.15
0.53 0.56 0.56 0.52 0.57 0.65 0.73 0.81 0.88 0.92 0.95 0.97 1.00 1.00 1.00
2 	
0.666666667	0.051282051	0               0               0               0               0               0               0               0               0               0               0               0               0
0.333333333	0.948717949	0.481481481	0	        0	        0	        0	        0	        0	        0	        0	        0	        0	        0	        0
0	        0	        0.444444444	0.046728972	0	        0	        0	        0	        0	        0	        0	        0	        0	        0	        0
0	        0	        0.074074074	0.747663551	0.095744681	0.013937282	0.002785515	0	        0	        0              	0	        0	        0	        0	        0
0	        0	        0	        0.168224299	0.425531915	0.149825784	0.036211699	0	        0	        0	        0	        0	        0	        0	        0
0	        0	        0	        0.037383178	0.414893617	0.651567944	0.270194986	0.046332046	0.00921659	0	        0	        0	        0	        0	        0
0	        0	        0	        0	        0.042553191	0.170731707	0.593314763	0.281853282	0.101382488	0.046511628	0.041322314	0	        0	        0.009433962	0.005208333
0	        0	        0	        0	        0.010638298	0.013937282	0.075208914	0.540540541	0.331797235	0.215116279	0.090909091	0.065934066	0.01369863	0.009433962	0.005208333
0	        0	        0	        0	        0.010638298	0	        0.022284123	0.11969112	0.447004608	0.36627907	0.231404959	0.076923077	0.04109589	0.009433962	0.010416667
0	        0	        0	        0	        0	        0	        0	        0.011583012	0.096774194	0.331395349	0.247933884	0.164835165	0.068493151	0.094339623	0.010416667
0	        0	        0	        0	        0	        0	        0	        0	        0.013824885	0.040697674	0.330578512	0.318681319	0.205479452	0.141509434	0.0625
0	        0	        0	        0              	0	        0	        0	        0	        0	        0	        0.049586777	0.351648352	0.369863014	0.179245283	0.119791667
0	        0	        0	        0	        0	        0	        0	        0	        0	        0	        0.008264463	0.021978022	0.246575342	0.339622642	0.192708333
0	        0	        0	        0	        0	        0	        0	        0	        0	        0	        0	        0	        0.054794521	0.179245283	0.244791667
0	        0	        0	        0	        0	        0	        0	        0	        0	        0	        0	        0	        0	        0.037735849	0.348958333
1	0	0	0	0	0	0	0	0	0	0	0	0	0	0
0	1	0	0	0	0	0	0	0	0	0	0	0	0	0
0	0	1	0	0	0	0	0	0	0	0	0	0	0	0
0	0	0	1	0	0	0	0	0	0	0	0	0	0	0
0	0	0	0	1	0	0	0	0	0	0	0	0	0	0
0	0	0	0	0	1	0	0	0	0	0	0	0	0	0
0	0	0	0	0	0	1	0	0	0	0	0	0	0	0
0	0	0	0	0	0	0	1	0	0	0	0	0	0	0
0	0	0	0	0	0	0	0	1	0	0	0	0	0	0
0	0	0	0	0	0	0	0	0	1	0	0	0	0	0
0	0	0	0	0	0	0	0	0	0	1	0	0	0	0
0	0	0	0	0	0	0	0	0	0	0	1	0	0	0
0	0	0	0	0	0	0	0	0	0	0	0	1	0	0
0	0	0	0	0	0	0	0	0	0	0	0	0	1	0
0	0	0	0	0	0	0	0	0	0	0	0	0	0	1
500
500
500
500
500
500
1
407720462.859827	439087304.896404	467536887.962868	480755213.124387	504251731.549479	502436622.51046	517580431.663189	512836391.622326	530103073.56895	533320275.935773	530893742.340966	537083488.664861	541356115.31916	548355661.19481	547722239.045657	553335797.865832	561387684.520329	554047788.266498	543466450.559404	557227927.309313	558287620.825248	546660375.131586	549424337.37306	540804535.742692	538853592.001266	548422184.368268	549253538.601612	555576865.529951	546248639.149046	549038878.836145
77351.8459111689	88954.8370557855	96086.995244464	126226.204222379	146051.619531684	158079.400458167	202772.577918141	236018.825815174	257354.103093254	263059.380278499	275359.069491198	344364.74977996	317132.345740151	274302.169763257	269380.911459928	274806.523970442	289485.167308828	294628.351104733	299949.247533103	300369.822595675	319066.451309498	333133.339486116	323983.467252908	325309.300843069	322435.972587153	334547.608722191	427172.793882244	341272.706322638	349705.282133562	355152.439977586
7230.90806682279	12258.8909061906	17032.9071193398	24611.8045139996	38311.565048343	54023.0757093701	72213.8482191725	92088.2359045187	120989.133026232	130735.905835028	132763.241186026	142254.444435283	162551.850602968	162044.197950061	177958.673303573	180763.939654254	181670.113575809	195316.622480765	199718.785396416	214223.594045905	218218.727998024	216772.163739945	212572.417449356	215510.781690762	230030.671969397	233226.303342441	251426.655939221	235511.004454808	256327.024719647	245184.292830359
#0.00894627533460784	0.0103751458728147	0.0123920741112571	0.0134475106945365	0.014840582793161	0.0156304465056336	0.0170148371648486	0.0178396511746221	0.0173732735207395	0.0173965940570735	0.0185400736406344	0.0189836962011327	0.0190341106977541	0.0193772044335915	0.0185817726041833	0.019540270526594	0.0189273552956229	0.019852774992687	0.0192259588006677	0.0191852955633661	0.0184528689254183	0.0197439963028228	0.0195023342847443	0.0191828574915574	0.0188681867335139	0.0193484206139477	0.0196709074505587	0.0194426395244406	0.0201343697838127	0.0190503879696863
#true_F_40
0.25
#true_F
0.000573639	0.001558301	0.003198248	0.005922803	0.009020332	0.01123326	0.01232802	0.01368249	0.01484037	0.01303195	0.01545792	0.01482953	0.01473662	0.01471444	0.0146873
0.000573639	0.00155843	0.003199077	0.005927941	0.009032986	0.01125152	0.01234955	0.01370439	0.01485883	0.01306761	0.01547616	0.01485561	0.01476173	0.01473755	0.01470954
0.000573639	0.00155843	0.003199312	0.00592966	0.009041266	0.01126586	0.01236717	0.01372224	0.01487258	0.01309293	0.01549633	0.01487599	0.01478812	0.01476134	0.01473212
0.000573639	0.00155843	0.003199312	0.005930146	0.009044035	0.01127524	0.01238101	0.01373685	0.01488379	0.0131118	0.01551066	0.01489853	0.01480874	0.01478633	0.01475519
0.000573639	0.00155843	0.003199312	0.005930146	0.009044818	0.01127838	0.01239007	0.01374833	0.01489297	0.01312718	0.01552133	0.01491454	0.01483155	0.01480586	0.01477906
0.000573639	0.00155843	0.003199312	0.005930146	0.009044818	0.01127927	0.0123931	0.01375584	0.01490018	0.01313978	0.01553004	0.01492648	0.01484775	0.01482747	0.01480094
0.000573639	0.00155843	0.003199312	0.005930146	0.009044818	0.01127927	0.01239396	0.01375835	0.0149049	0.01314968	0.01553716	0.0149362	0.01485983	0.01484282	0.01482261
0.000573639	0.00155843	0.003199312	0.005930146	0.009044818	0.01127927	0.01239396	0.01375907	0.01490648	0.01315615	0.01554276	0.01494417	0.01486967	0.01485427	0.0148413
0.000573639	0.00155843	0.003199312	0.005930146	0.009044818	0.01127927	0.01239396	0.01375907	0.01490692	0.01315832	0.01554643	0.01495043	0.01487774	0.0148636	0.01485647
0.000573639	0.00155843	0.003199312	0.005930146	0.009044818	0.01127927	0.01239396	0.01375907	0.01490692	0.01315893	0.01554766	0.01495453	0.01488407	0.01487124	0.01486854
0.000573639	0.00155843	0.003199312	0.005930146	0.009044818	0.01127927	0.01239396	0.01375907	0.01490692	0.01315893	0.015548	0.0149559	0.01488822	0.01487724	0.01487774
0.000573639	0.00155843	0.003199312	0.005930146	0.009044818	0.01127927	0.01239396	0.01375907	0.01490692	0.01315893	0.015548	0.01495629	0.01488961	0.01488117	0.01488422
0.000573639	0.00155843	0.003199312	0.005930146	0.009044818	0.01127927	0.01239396	0.01375907	0.01490692	0.01315893	0.015548	0.01495629	0.01489	        0.01488249	0.01488814
0.000573639	0.00155843	0.003199312	0.005930146	0.009044818	0.01127927	0.01239396	0.01375907	0.01490692	0.01315893	0.015548	0.01495629	0.01489	        0.01488286	0.0148898
0.000573639	0.00155843	0.003199312	0.005930146	0.009044818	0.01127927	0.01239396	0.01375907	0.01490692	0.01315893	0.015548	0.01495629	0.01489	        0.01488286	0.01489005
0.000573639	0.00155843	0.003199312	0.005930146	0.009044818	0.01127927	0.01239396	0.01375907	0.01490692	0.01315893	0.015548	0.01495629	0.01489	        0.01488286	0.01488945
0.000573639	0.00155843	0.003199312	0.005930146	0.009044818	0.01127927	0.01239396	0.01375907	0.01490692	0.01315893	0.015548	0.01495629	0.01489	        0.01488286	0.01488845
0.000573639	0.00155843	0.003199312	0.005930146	0.009044818	0.01127927	0.01239396	0.01375907	0.01490692	0.01315893	0.015548	0.01495629	0.01489	        0.01488286	0.01488728
0.000573639	0.00155843	0.003199312	0.005930146	0.009044818	0.01127927	0.01239396	0.01375907	0.01490692	0.01315893	0.015548	0.01495629	0.01489	        0.01488286	0.01488608
0.000573639	0.00155843	0.003199312	0.005930146	0.009044818	0.01127927	0.01239396	0.01375907	0.01490692	0.01315893	0.015548	0.01495629	0.01489	        0.01488286	0.0148849
0.000573639	0.00155843	0.003199312	0.005930146	0.009044818	0.01127927	0.01239396	0.01375907	0.01490692	0.01315893	0.015548	0.01495629	0.01489	        0.01488286	0.01488378
0.000573639	0.00155843	0.003199312	0.005930146	0.009044818	0.01127927	0.01239396	0.01375907	0.01490692	0.01315893	0.015548	0.01495629	0.01489	        0.01488286	0.01488275
0.000573639	0.00155843	0.003199312	0.005930146	0.009044818	0.01127927	0.01239396	0.01375907	0.01490692	0.01315893	0.015548	0.01495629	0.01489	        0.01488286	0.01488181
0.000573639	0.00155843	0.003199312	0.005930146	0.009044818	0.01127927	0.01239396	0.01375907	0.01490692	0.01315893	0.015548	0.01495629	0.01489	        0.01488286	0.01488096
0.000573639	0.00155843	0.003199312	0.005930146	0.009044818	0.01127927	0.01239396	0.01375907	0.01490692	0.01315893	0.015548	0.01495629	0.01489	        0.01488286	0.0148802
0.000573639	0.00155843	0.003199312	0.005930146	0.009044818	0.01127927	0.01239396	0.01375907	0.01490692	0.01315893	0.015548	0.01495629	0.01489	        0.01488286	0.01487953
0.000573639	0.00155843	0.003199312	0.005930146	0.009044818	0.01127927	0.01239396	0.01375907	0.01490692	0.01315893	0.015548	0.01495629	0.01489	        0.01488286	0.01487894
0.000573639	0.00155843	0.003199312	0.005930146	0.009044818	0.01127927	0.01239396	0.01375907	0.01490692	0.01315893	0.015548	0.01495629	0.01489	        0.01488286	0.01487843
0.000573639	0.00155843	0.003199312	0.005930146	0.009044818	0.01127927	0.01239396	0.01375907	0.01490692	0.01315893	0.015548	0.01495629	0.01489	        0.01488286	0.01487798
0.000573639	0.00155843	0.003199312	0.005930146	0.009044818	0.01127927	0.01239396	0.01375907	0.01490692	0.01315893	0.015548	0.01495629	0.01489	        0.01488286	0.01487759
#true_recruit
407720462.859827	439087304.896404	467536887.962868	480755213.124387	504251731.549479	502436622.51046	517580431.663189	512836391.622326	530103073.56895	533320275.935773	530893742.340966	537083488.664861	541356115.31916	548355661.19481	547722239.045657	553335797.865832	561387684.520329	554047788.266498	543466450.559404	557227927.309313	558287620.825248	546660375.131586	549424337.37306	540804535.742692	538853592.001266	548422184.368268	549253538.601612	555576865.529951	546248639.149046	549038878.836145
#test
12345
